name: v3
seed: 1024
fold: 0
kfold: 4
batch_size: 8
model_name: tf_efficientnet_b4_ns
lr: 0.000685564766155184
image_size: 480
embedding_size: 768
arcface_scale: 7.96818792702712
arcface_margin: 15.301357526420816
brightness_limit: 0.391
contrast_limit: 0.291
hue_shift_limit: 0.28
sat_shift_limit: 0.225
val_shift_limit: 0.28
scale_limit: 0.18529016025844874
sub_centers: 2
rotate_limit: 32.394467397006466
warmup_t: 1
epochs: 57
patience: 11
n_neighbors: 200
blur_p: 0.4
vflip_p: 0.0
hflip_p: 0.0

hard_samples:
  - '031/7.jpg'
  - '049/7.jpg'

fine:
  lr: 0.0001
  checkpoint_dir: 'fine-checkpoints'
  scale_limit: 0.0
  rotate_limit: 0.0
