name: b3-1024.v1
image_size: 1024
seed: 42
n_splits: 5
batch_size: 10
model_name: "tf_efficientnet_b3_ns"
lr: 0.0005094480973201417
ratio: 0.5369031081273525
validation_steps: 2000
accumulation_steps: 2
drop_rate: 0.391
drop_path_rate: 0.13
num_workers: 8
threshold: 0.91
